FRA=[61,117,232]
DOM=[114,136,119]
DEN=[153,116,93]
CUB=[151,68,176]
TAN=[151,130,190]
XSM=[105,90,132]
LAT=[75,77,186]
GXC=[71,113,97]
ABY=[190,176,215]
SWI=[224,5,5]
NIC=[145,178,190]
DNZ=[163,183,214]
AFG=[64,160,167]
POL=[197,92,106]
GUA=[72,48,109]
BHU=[121,100,95]
LIB=[81,61,118]
PAN=[60,53,88]
URG=[174,192,156]
SHX=[82,2,15]
HAI=[165,116,111]
PRU=[196,189,204]
HON=[153,176,74]
NEP=[0,56,147]
HUN=[249,126,98]
ARG=[145,157,236]
HOL=[199,135,73]
CHI=[218,230,92]
USA=[20,133,237]
PER=[47,100,74]
SWE=[36,132,247]
COL=[222,187,91]
SAU=[171,190,152]
PAR=[57,113,228]
TUR=[166,52,67]
AFA=[130,72,96]
BUL=[51,155,0]
IRQ=[101,135,121]
INS=[40,50,120]
PRC=[245,12,56]
VEN=[200,100,150]
AST=[57,143,97]
FIN=[194,198,215]
ECU=[249,146,98]
IRE=[80,159,90]
YEM=[102,77,70]
SOV=[125,13,24]
MON=[108,140,42]
NZL=[218,209,233]
LUX=[85,228,233]
ITA=[67,127,63]
AUS=[181,175,194]
CHL=[155,101,107]
COS=[167,140,42]
RAJ=[170,10,10]
SAF=[152,130,191]
POR=[39,116,70]
JAP=[211,184,180]
MEX=[104,151,82]
MAN=[255,120,71]
ENG=[200,56,93]
SIK=[71,190,152]
BOL=[204,166,108]
EGY=[222,184,110]
BRM=[206,103,103]
YUN=[114,148,80]
PHI=[114,85,166]
EST=[50,135,175]
LIT=[219,219,119]
ELS=[159,136,198]
ALB=[173,83,114]
TIB=[80,115,45]
CZE=[63,196,183]
SIA=[140,166,115]
SPA=[255,212,2]
CAN=[195,92,109]
BRA=[76,145,63]
OMA=[176,121,118]
GER=[102,96,87]
BEL=[193,171,8]
GRE=[124,166,212]
ROM=[215,196,72]
NOR=[111,71,71]
MEN=[185,255,152]
MAL=[255,117,152]
INC=[209,217,131]
LIE=[87,90,127]
VAT=[196,181,130]
SAN=[98,176,198]
AND=[201,0,1]
YUG=[72,73,126]
MNC=[237,162,186]